saludar:2025-10-16 20:37:19.347960
saludar:2025-10-16 20:38:14.599363
calcular:2025-10-16 20:38:14.599985
